
类型:vue
时间
      10021  57018  108003  208001  508016  1008001
类型:nodom
时间
      12608  96363  168460  330455  803018  1566700
类型:原生
时间
      24386  132664  235460  439917  1049389  1931427
类型:vue
时间
      10763  50001  100000  200001  500001  999999
类型:原生
时间
      15096  55076  105077  205078  505076  1005077
类型:nodom
时间
      16383  59333  112586  218735  529059  1043483
类型:vue
时间
      11003  51000  101001  201001  501001  1001001
类型:原生
时间
      15758  55079  105079  205079  505079  1005079
类型:nodom
时间
      18034  63041  114482  217992  529589  1046217
类型:原生
时间
      12292  57082  107083  207083  507083  1007084
类型:vue
时间
      10001  50000  100001  200001  500001  1000001
类型:nodom
时间
      15126  61962  113144  214059  517019  1020179
类型:原生
时间
      11028  51028  101028  201030  501029  1001030
类型:vue
时间
      10001  50000  100000  200002  500000  1000002
类型:nodom
时间
      8436  48451  98465  198444  498458  998466